[21, 3, 19, 2, 12, 20, 14, 16, 6, 7, 10, 17, 18, 4, 25, 13, 9, 24, 5, 1, 11, 8, 22, 23, 15]

[16, 11, 21, 25, 5, 9, 18, 7, 22, 10, 20, 8, 2, 17, 6, 14, 15, 12, 3, 24, 13, 1, 23, 19, 4]

[13, 16, 19, 12, 8, 6, 14, 5, 18, 4, 9, 25, 22, 24, 11, 20, 15, 2, 3, 21, 17, 7, 23, 10, 1]

[7, 17, 18, 8, 24, 12, 6, 10, 9, 16, 4, 19, 2, 3, 20, 21, 14, 5, 22, 1, 25, 13, 23, 15, 11]

[10, 20, 25, 4, 24, 9, 1, 21, 22, 3, 7, 15, 6, 5, 8, 12, 14, 17, 13, 19, 18, 23, 2, 11, 16]

[23, 25, 18, 21, 5, 13, 12, 19, 22, 6, 2, 11, 16, 10, 4, 8, 15, 9, 20, 3, 24, 7, 14, 17, 1]